1817
0 651 2244
1 676 2168
2 701 2168
3 727 2168
4 752 2168
5 727 2142
6 701 2142
7 676 2142
8 651 2142
9 625 2142
10 600 2142
11 575 2142
12 600 2066
13 625 2066
14 651 2066
15 676 2066
16 701 2066
17 727 2066
18 727 2015
19 701 2015
20 676 2015
21 651 2015
22 625 2015
23 600 2015
24 575 2015
25 600 1939
26 625 1939
27 651 1939
28 676 1939
29 701 1939
30 727 1939
31 727 1888
32 701 1888
33 676 1888
34 651 1888
35 625 1888
36 600 1888
37 575 1888
38 651 1812
39 625 1812
40 600 1812
41 600 1761
42 575 1761
43 625 1761
44 651 1761
45 676 1761
46 676 1812
47 701 1812
48 727 1812
49 727 1761
50 701 1761
51 651 1685
52 625 1685
53 600 1685
54 575 1634
55 600 1634
56 625 1634
57 651 1634
58 676 1634
59 701 1634
60 676 1685
61 701 1685
62 727 1685
63 727 1634
64 727 1558
65 701 1558
66 676 1558
67 651 1558
68 600 1558
69 625 1558
70 727 1507
71 701 1507
72 676 1507
73 651 1507
74 625 1507
75 600 1507
76 575 1507
77 600 1431
78 625 1431
79 651 1431
80 600 1380
81 575 1380
82 625 1380
83 651 1380
84 676 1380
85 676 1431
86 701 1431
87 727 1431
88 727 1380
89 701 1380
90 600 1304
91 600 1253
92 575 1253
93 625 1304
94 651 1304
95 676 1304
96 701 1304
97 727 1304
98 752 1253
99 727 1253
100 701 1253
101 676 1253
102 651 1253
103 625 1253
104 600 1177
105 625 1177
106 651 1177
107 676 1177
108 701 1177
109 727 1177
110 752 1177
111 727 1101
112 727 1050
113 625 898
114 651 872
115 625 872
116 575 872
117 549 898
118 549 872
119 651 733
120 651 707
121 676 733
122 676 707
123 778 796
124 803 796
125 803 821
126 879 796
127 778 898
128 854 872
129 879 872
130 905 872
131 930 872
132 879 1050
133 905 1050
134 930 1126
135 905 1126
136 879 1126
137 854 1126
138 879 1177
139 905 1177
140 930 1253
141 905 1253
142 879 1253
143 854 1253
144 879 1304
145 905 1304
146 905 1380
147 879 1380
148 854 1380
149 879 1431
150 905 1431
151 854 1507
152 879 1507
153 905 1507
154 879 1558
155 905 1558
156 930 1558
157 854 1634
158 879 1634
159 905 1634
160 930 1634
161 930 1685
162 905 1685
163 879 1685
164 905 1761
165 879 1761
166 854 1761
167 905 1812
168 879 1812
169 854 1888
170 879 1888
171 905 1888
172 879 1939
173 905 1939
174 930 1939
175 956 1939
176 981 1939
177 1006 1939
178 1006 1888
179 981 1888
180 956 1888
181 930 1888
182 1006 1812
183 981 1812
184 956 1812
185 930 1812
186 1006 1761
187 981 1761
188 956 1761
189 930 1761
190 956 1685
191 981 1685
192 1006 1685
193 956 1634
194 981 1634
195 1006 1634
196 1006 1558
197 981 1558
198 956 1558
199 1032 1507
200 1006 1507
201 981 1507
202 956 1507
203 930 1507
204 930 1431
205 956 1431
206 981 1431
207 1006 1431
208 1032 1431
209 1006 1380
210 981 1380
211 956 1380
212 930 1380
213 930 1304
214 956 1304
215 981 1304
216 1006 1304
217 956 1253
218 981 1253
219 1006 1253
220 1006 1177
221 981 1177
222 956 1177
223 930 1177
224 956 1126
225 981 1126
226 1032 1126
227 1006 1126
228 930 1050
229 956 1050
230 981 1050
231 1006 1050
232 1032 1050
233 1108 1050
234 1133 1050
235 1159 1050
236 1184 1050
237 1210 1050
238 1235 1050
239 1235 999
240 1083 999
241 956 872
242 1006 872
243 981 872
244 905 796
245 930 796
246 956 796
247 981 796
248 1006 796
249 1083 872
250 1108 872
251 1133 872
252 1159 872
253 1184 872
254 1210 872
255 1235 872
256 1235 923
257 1108 796
258 1133 796
259 1159 796
260 1184 796
261 1210 796
262 1235 796
263 1260 872
264 1286 872
265 1311 872
266 1362 872
267 1387 872
268 1260 796
269 1286 796
270 1311 796
271 1387 796
272 1413 796
273 1413 872
274 1438 872
275 1464 872
276 1489 872
277 1514 872
278 1540 872
279 1591 872
280 1565 872
281 1438 796
282 1464 796
283 1489 796
284 1514 796
285 1540 796
286 1565 796
287 1591 796
288 1743 707
289 1768 707
290 1743 733
291 1768 733
292 1819 707
293 1819 733
294 1857 707
295 1857 733
296 1933 733
297 1933 707
298 1971 707
299 1971 733
300 2010 707
301 2010 733
302 2048 707
303 2048 733
304 1895 796
305 1921 796
306 1946 796
307 1971 796
308 1997 796
309 2022 796
310 2048 796
311 2073 796
312 2099 796
313 2086 733
314 2086 707
315 2137 707
316 2137 733
317 2175 707
318 2175 733
319 2200 796
320 2213 707
321 2213 733
322 2251 707
323 2251 733
324 2289 707
325 2289 733
326 2327 707
327 2327 733
328 2327 821
329 2327 847
330 2327 872
331 2327 898
332 2327 974
333 2327 949
334 2327 923
335 2403 847
336 2403 821
337 2429 821
338 2429 847
339 2403 872
340 2429 872
341 2403 898
342 2429 898
343 2505 821
344 2505 847
345 2505 872
346 2505 898
347 2505 923
348 2505 949
349 2505 974
350 2429 923
351 2403 923
352 2403 949
353 2429 949
354 2429 974
355 2403 974
356 2327 1050
357 2327 1076
358 2327 1101
359 2327 1126
360 2327 1228
361 2327 1203
362 2327 1177
363 2327 1152
364 2403 1076
365 2429 1050
366 2429 1076
367 2429 1101
368 2429 1126
369 2403 1101
370 2403 1126
371 2429 1152
372 2505 1076
373 2505 1101
374 2505 1126
375 2505 1152
376 2505 1177
377 2505 1203
378 2505 1228
379 2429 1177
380 2403 1152
381 2403 1177
382 2429 1203
383 2429 1228
384 2403 1203
385 2403 1228
386 2327 1304
387 2327 1330
388 2327 1355
389 2327 1380
390 2327 1406
391 2327 1482
392 2327 1456
393 2327 1431
394 2403 1355
395 2403 1330
396 2429 1304
397 2429 1330
398 2429 1355
399 2403 1380
400 2429 1380
401 2403 1406
402 2429 1406
403 2403 1431
404 2429 1431
405 2403 1456
406 2403 1482
407 2429 1482
408 2429 1456
409 2505 1380
410 2505 1355
411 2505 1330
412 2556 1304
413 2556 1330
414 2556 1355
415 2556 1380
416 2556 1406
417 2556 1431
418 2556 1456
419 2505 1406
420 2505 1431
421 2505 1456
422 2505 1482
423 2556 1482
424 2632 1330
425 2632 1355
426 2632 1380
427 2632 1406
428 2632 1431
429 2632 1456
430 2632 1482
431 2556 1558
432 2530 1558
433 2505 1558
434 2480 1558
435 2454 1558
436 2429 1558
437 2556 1634
438 2530 1634
439 2505 1634
440 2480 1634
441 2454 1634
442 2429 1634
443 2403 1634
444 2480 1685
445 2454 1685
446 2429 1685
447 2403 1761
448 2429 1761
449 2454 1761
450 2480 1761
451 2505 1761
452 2505 1685
453 2530 1685
454 2556 1685
455 2530 1761
456 2556 1761
457 2683 1812
458 2708 1812
459 2708 1863
460 2683 1863
461 2657 1863
462 2632 1863
463 2708 1939
464 2683 1939
465 2657 1939
466 2632 1939
467 2606 1939
468 2327 1939
469 2327 2015
470 2454 2142
471 2480 2142
472 2505 2142
473 2480 2168
474 2454 2168
475 2429 2142
476 2403 2142
477 2429 2168
478 2403 2168
479 2378 2168
480 2353 2168
481 2378 2142
482 2353 2142
483 2327 2142
484 2327 2168
485 2327 2219
486 2327 2244
487 2353 2244
488 2378 2244
489 2353 2219
490 2378 2219
491 2403 2244
492 2429 2244
493 2403 2219
494 2429 2219
495 2454 2244
496 2480 2244
497 2454 2219
498 2480 2219
499 2505 2244
500 2505 2219
501 2505 2168
502 2530 2168
503 2530 2219
504 2556 2244
505 2530 2244
506 2556 2219
507 2581 2244
508 2606 2244
509 2581 2219
510 2606 2219
511 2632 2244
512 2657 2244
513 2632 2219
514 2657 2219
515 2683 2244
516 2683 2219
517 2683 2168
518 2708 2168
519 2734 2168
520 2759 2193
521 2734 2193
522 2734 2219
523 2759 2244
524 2734 2244
525 2708 2244
526 2708 2219
527 2759 2219
528 2784 2244
529 2784 2219
530 2810 2219
531 2810 2244
532 2835 2244
533 2861 2244
534 2835 2219
535 2861 2219
536 2886 2244
537 2937 2193
538 2996 2234
539 2937 2244
540 2911 2244
541 2886 2219
542 2911 2219
543 2911 2193
544 2886 2193
545 2861 2193
546 2835 2193
547 2835 2168
548 2810 2193
549 2784 2193
550 2810 2168
551 2784 2168
552 2759 2168
553 2708 2091
554 2708 2066
555 2734 2066
556 2734 2091
557 2759 2091
558 2784 2091
559 2759 2066
560 2784 2066
561 2810 2091
562 2835 2066
563 2835 2091
564 2810 2066
565 2835 2041
566 2810 2041
567 2784 2041
568 2759 2041
569 2734 2041
570 2708 2041
571 2683 2066
572 2657 2066
573 2683 2041
574 2708 1965
575 2734 1939
576 2734 1965
577 2759 1965
578 2759 1939
579 2784 1939
580 2784 1965
581 2810 1965
582 2835 1939
583 2835 1965
584 2810 1939
585 2810 1863
586 2784 1863
587 2759 1863
588 2734 1863
589 2734 1812
590 2759 1812
591 2784 1812
592 2810 1812
593 2835 1812
594 2835 1863
595 2911 1939
596 2937 1939
597 2962 1939
598 2988 1939
599 3013 1939
600 3038 1939
601 3064 1939
602 3013 1863
603 2988 1863
604 2962 1863
605 2937 1863
606 3013 1812
607 2988 1812
608 2962 1812
609 2937 1812
610 2911 1812
611 2835 1736
612 2810 1736
613 2708 1736
614 2734 1736
615 2759 1736
616 2784 1736
617 2835 1685
618 2810 1685
619 2784 1685
620 2759 1685
621 2734 1685
622 2708 1685
623 2683 1685
624 2708 1609
625 2734 1609
626 2759 1609
627 2784 1609
628 2810 1609
629 2835 1609
630 2886 1533
631 2886 1507
632 2886 1482
633 2886 1456
634 2886 1380
635 2886 1406
636 2886 1431
637 2810 1533
638 2810 1507
639 2810 1482
640 2810 1456
641 2810 1431
642 2810 1406
643 2810 1380
644 2810 1355
645 2759 1355
646 2708 1355
647 2734 1355
648 2708 1304
649 2734 1304
650 2759 1304
651 2810 1279
652 2810 1253
653 2886 1228
654 2886 1203
655 2886 1177
656 2886 1152
657 2886 1126
658 2937 1101
659 2937 1126
660 2937 1152
661 2937 1177
662 2937 1203
663 3013 1126
664 3013 1152
665 3013 1177
666 3013 1203
667 3013 1228
668 3013 1253
669 3013 1279
670 2937 1228
671 2937 1253
672 2937 1279
673 2886 1253
674 2886 1279
675 2937 1355
676 2937 1380
677 2937 1406
678 2937 1431
679 2937 1456
680 2937 1482
681 2937 1507
682 2937 1533
683 2988 1584
684 2988 1609
685 2962 1609
686 2937 1584
687 2962 1584
688 2937 1609
689 2911 1685
690 2937 1685
691 2962 1685
692 2988 1685
693 3013 1609
694 3038 1584
695 3038 1609
696 3064 1584
697 3064 1609
698 3064 1685
699 3038 1685
700 3013 1685
701 2937 1736
702 2962 1736
703 2988 1736
704 3013 1736
705 3038 1736
706 3064 1736
707 3038 1812
708 3064 1812
709 3064 1863
710 3038 1863
711 3165 1939
712 3191 1939
713 3191 1965
714 3165 2041
715 3191 2041
716 3216 2041
717 3241 2041
718 3343 2269
719 3318 2041
720 3292 2041
721 3267 2041
722 3318 1965
723 3343 1939
724 3318 1939
725 3292 1939
726 3292 1965
727 3267 1965
728 3241 1939
729 3216 1939
730 3216 1965
731 3241 1965
732 3267 1939
733 3343 1863
734 3318 1838
735 3343 1838
736 3318 1863
737 3292 1863
738 3267 1863
739 3191 1863
740 3216 1863
741 3241 1863
742 3292 1838
743 3318 1812
744 3292 1812
745 3267 1812
746 3241 1812
747 3216 1812
748 3191 1812
749 3165 1812
750 3191 1736
751 3216 1685
752 3191 1685
753 3165 1685
754 3216 1736
755 3241 1736
756 3267 1736
757 3292 1736
758 3318 1736
759 3318 1685
760 3292 1685
761 3267 1685
762 3216 1609
763 3241 1609
764 3267 1609
765 3292 1609
766 3318 1609
767 3241 1685
768 3191 1609
769 3140 1533
770 3140 1507
771 3191 1456
772 3216 1456
773 3140 1482
774 3140 1456
775 3140 1431
776 3013 1380
777 3013 1406
778 3013 1431
779 3013 1456
780 3013 1482
781 3013 1507
782 3013 1533
783 3064 1533
784 3064 1507
785 3064 1482
786 3064 1456
787 3064 1431
788 3064 1406
789 3064 1380
790 3140 1406
791 3191 1380
792 3191 1355
793 3191 1330
794 3191 1304
795 3140 1279
796 3140 1253
797 3140 1228
798 3140 1203
799 3064 1279
800 3064 1253
801 3064 1228
802 3064 1203
803 3064 1177
804 3064 1152
805 3140 1126
806 3140 1152
807 3140 1177
808 3191 1152
809 3191 1177
810 3191 1203
811 3191 1228
812 3191 1253
813 3191 1279
814 3267 1177
815 3267 1203
816 3267 1228
817 3267 1253
818 3267 1279
819 3267 1304
820 3267 1330
821 3267 1355
822 3267 1380
823 3318 1330
824 3318 1304
825 3394 1177
826 3394 1203
827 3394 1228
828 3394 1253
829 3394 1279
830 3394 1304
831 3394 1330
832 3318 1279
833 3318 1253
834 3318 1228
835 3318 1203
836 3318 1177
837 3318 1152
838 3267 1101
839 3241 1101
840 3241 1076
841 3241 1050
842 3267 1025
843 3267 999
844 3241 974
845 3241 999
846 3241 1025
847 3267 1076
848 3267 1050
849 3318 1025
850 3318 999
851 3267 974
852 3241 949
853 3191 1025
854 3191 999
855 3191 974
856 3191 949
857 3191 923
858 3191 898
859 3267 872
860 3267 847
861 3267 821
862 3267 796
863 3241 796
864 3241 821
865 3191 872
866 3191 847
867 3191 821
868 3191 796
869 3241 847
870 3241 872
871 3241 898
872 3241 923
873 3267 949
874 3267 923
875 3267 898
876 3394 821
877 3394 847
878 3394 872
879 3394 898
880 3394 923
881 3394 949
882 3394 974
883 3394 999
884 3394 1025
885 3318 974
886 3318 949
887 3318 923
888 3318 898
889 3318 872
890 3318 847
891 3318 821
892 3318 796
893 3318 733
894 3318 707
895 3280 707
896 3280 733
897 3241 733
898 3241 707
899 3203 707
900 3203 733
901 3127 707
902 3127 733
903 3089 707
904 3089 733
905 3051 707
906 3051 733
907 3064 796
908 3064 821
909 3140 821
910 3140 847
911 3140 872
912 3140 898
913 3140 923
914 3140 949
915 3140 974
916 3140 999
917 3140 1025
918 3064 1126
919 3064 1101
920 3064 1025
921 3064 999
922 3013 974
923 3013 949
924 3013 923
925 3013 898
926 3064 974
927 3064 949
928 3064 923
929 3064 898
930 3064 872
931 3064 847
932 3013 821
933 3013 847
934 3013 872
935 2937 949
936 2886 821
937 2886 847
938 2886 872
939 2886 898
940 2886 923
941 2886 949
942 2886 974
943 2937 974
944 2937 923
945 2937 898
946 2937 872
947 2937 847
948 2937 821
949 2937 796
950 3000 733
951 3000 707
952 2962 707
953 2962 733
954 2924 733
955 2924 707
956 2886 707
957 2886 733
958 2848 707
959 2848 733
960 2810 707
961 2810 733
962 2772 707
963 2772 733
964 2734 707
965 2734 733
966 2683 707
967 2683 733
968 2645 707
969 2645 733
970 2683 796
971 2683 821
972 2759 821
973 2759 847
974 2810 796
975 2810 821
976 2810 847
977 2810 872
978 2810 898
979 2810 974
980 2810 949
981 2810 923
982 2759 872
983 2759 898
984 2759 923
985 2759 949
986 2683 999
987 2683 1025
988 2759 974
989 2759 999
990 2759 1025
991 2734 1076
992 2708 1076
993 2683 1076
994 2683 1101
995 2708 1101
996 2734 1101
997 2708 1126
998 2734 1152
999 2734 1177
1000 2810 1228
1001 2810 1203
1002 2810 1177
1003 2810 1152
1004 2810 1126
1005 2810 1101
1006 2734 1126
1007 2708 1152
1008 2683 1177
1009 2683 1203
1010 2708 1228
1011 2734 1253
1012 2708 1253
1013 2683 1253
1014 2683 1228
1015 2708 1203
1016 2734 1228
1017 2734 1203
1018 2708 1177
1019 2683 1152
1020 2683 1126
1021 2632 1076
1022 2632 1101
1023 2632 1126
1024 2632 1152
1025 2632 1177
1026 2632 1203
1027 2632 1228
1028 2556 1228
1029 2556 1203
1030 2556 1177
1031 2556 1152
1032 2556 1126
1033 2556 1101
1034 2556 1076
1035 2556 1050
1036 2632 974
1037 2632 949
1038 2632 923
1039 2683 974
1040 2683 949
1041 2683 923
1042 2683 898
1043 2683 872
1044 2683 847
1045 2632 821
1046 2632 847
1047 2632 872
1048 2632 898
1049 2556 974
1050 2556 949
1051 2556 923
1052 2556 898
1053 2556 872
1054 2556 847
1055 2556 821
1056 2556 796
1057 2606 733
1058 2606 707
1059 2568 733
1060 2568 707
1061 2530 707
1062 2530 733
1063 2492 707
1064 2492 733
1065 2454 707
1066 2454 733
1067 2416 707
1068 2416 733
1069 2429 796
1070 2365 707
1071 2365 733
1072 2327 796
1073 2276 821
1074 2276 847
1075 2276 872
1076 2200 821
1077 2200 847
1078 2200 872
1079 2200 898
1080 2200 923
1081 2276 898
1082 2276 923
1083 2276 949
1084 2276 974
1085 2200 974
1086 2200 949
1087 2149 974
1088 2099 999
1089 2073 1050
1090 2048 1050
1091 2022 1050
1092 1946 1050
1093 1971 1050
1094 1997 1050
1095 2073 999
1096 2048 999
1097 2022 999
1098 1997 999
1099 1971 923
1100 1997 923
1101 2022 923
1102 2048 923
1103 2073 923
1104 2099 923
1105 2099 872
1106 2073 872
1107 2048 872
1108 2022 872
1109 1997 872
1110 1971 872
1111 1946 872
1112 1921 872
1113 1895 872
1114 1870 872
1115 1895 923
1116 1921 923
1117 1946 923
1118 1971 999
1119 1946 999
1120 1921 999
1121 1895 999
1122 1870 999
1123 1794 1050
1124 1819 1050
1125 1845 1050
1126 1870 1050
1127 1819 1126
1128 1794 1126
1129 1768 1050
1130 1743 1050
1131 1718 1050
1132 1667 1050
1133 1692 1050
1134 1768 1126
1135 1743 1126
1136 1718 1126
1137 1667 1177
1138 1692 1177
1139 1718 1177
1140 1743 1177
1141 1692 1126
1142 1667 1126
1143 1641 1126
1144 1565 1025
1145 1565 999
1146 1540 974
1147 1540 999
1148 1514 974
1149 1489 974
1150 1464 999
1151 1514 999
1152 1540 1025
1153 1565 1050
1154 1540 1050
1155 1565 1076
1156 1565 1101
1157 1565 1126
1158 1540 1126
1159 1565 1152
1160 1540 1152
1161 1540 1177
1162 1514 1177
1163 1514 1152
1164 1489 1152
1165 1464 1177
1166 1464 1152
1167 1489 1177
1168 1540 1279
1169 1514 1279
1170 1489 1279
1171 1464 1304
1172 1514 1304
1173 1540 1304
1174 1565 1304
1175 1540 1330
1176 1540 1355
1177 1565 1330
1178 1565 1355
1179 1540 1380
1180 1565 1380
1181 1565 1406
1182 1540 1431
1183 1540 1456
1184 1514 1456
1185 1464 1482
1186 1489 1482
1187 1514 1482
1188 1540 1482
1189 1565 1456
1190 1565 1431
1191 1641 1507
1192 1667 1507
1193 1667 1558
1194 1692 1558
1195 1718 1558
1196 1743 1558
1197 1641 1634
1198 1667 1634
1199 1692 1634
1200 1718 1634
1201 1743 1634
1202 1768 1634
1203 1794 1634
1204 1768 1685
1205 1743 1685
1206 1718 1685
1207 1692 1685
1208 1667 1685
1209 1743 1761
1210 1718 1761
1211 1692 1761
1212 1667 1761
1213 1641 1761
1214 1718 1812
1215 1743 1812
1216 1768 1761
1217 1794 1761
1218 1819 1761
1219 1921 1888
1220 1946 1888
1221 1971 1939
1222 1971 1888
1223 1997 1888
1224 2022 1888
1225 2048 1888
1226 2124 1939
1227 2073 1888
1228 2073 1812
1229 2048 1812
1230 2022 1812
1231 1997 1812
1232 1997 1761
1233 1946 1685
1234 1971 1685
1235 1997 1685
1236 2022 1685
1237 2048 1685
1238 2073 1685
1239 2099 1685
1240 2099 1761
1241 2073 1761
1242 2048 1761
1243 2022 1761
1244 1971 1812
1245 1946 1812
1246 1971 1761
1247 1946 1761
1248 1921 1761
1249 1819 1685
1250 1794 1685
1251 1819 1634
1252 1845 1634
1253 1870 1634
1254 1768 1558
1255 1794 1558
1256 1819 1558
1257 1845 1558
1258 1870 1558
1259 1921 1507
1260 1971 1507
1261 1946 1507
1262 1794 1431
1263 1768 1431
1264 1794 1507
1265 1768 1507
1266 1743 1507
1267 1718 1507
1268 1692 1507
1269 1743 1431
1270 1718 1431
1271 1692 1431
1272 1667 1431
1273 1641 1380
1274 1667 1380
1275 1692 1380
1276 1718 1380
1277 1743 1380
1278 1718 1304
1279 1743 1304
1280 1768 1304
1281 1794 1304
1282 1870 1380
1283 1845 1380
1284 1819 1380
1285 1794 1380
1286 1768 1380
1287 1692 1304
1288 1667 1304
1289 1641 1253
1290 1667 1253
1291 1692 1253
1292 1718 1253
1293 1743 1253
1294 1768 1253
1295 1794 1253
1296 1819 1253
1297 1845 1253
1298 1768 1177
1299 1794 1177
1300 1819 1177
1301 1845 1177
1302 1870 1177
1303 1845 1126
1304 1870 1126
1305 1921 1126
1306 1946 1126
1307 1971 1126
1308 1997 1126
1309 2022 1126
1310 2048 1126
1311 1946 1177
1312 1971 1177
1313 1997 1177
1314 2022 1177
1315 2048 1177
1316 2073 1177
1317 2073 1126
1318 2099 1126
1319 2124 1126
1320 2149 1126
1321 2099 1050
1322 2124 1050
1323 2149 1050
1324 2200 1050
1325 2200 1076
1326 2200 1101
1327 2200 1126
1328 2200 1152
1329 2200 1177
1330 2200 1203
1331 2200 1228
1332 2149 1253
1333 2099 1177
1334 2124 1177
1335 2149 1177
1336 2276 1076
1337 2276 1101
1338 2276 1126
1339 2276 1152
1340 2276 1177
1341 2276 1203
1342 2276 1228
1343 2200 1304
1344 2200 1330
1345 2200 1355
1346 2200 1380
1347 2200 1406
1348 2276 1330
1349 2276 1355
1350 2276 1380
1351 2276 1406
1352 2276 1431
1353 2276 1456
1354 2276 1482
1355 2200 1482
1356 2200 1456
1357 2200 1431
1358 2149 1380
1359 2124 1380
1360 2099 1380
1361 1946 1304
1362 1971 1304
1363 1997 1304
1364 2022 1304
1365 2048 1304
1366 2073 1304
1367 2099 1304
1368 2124 1304
1369 2149 1304
1370 2124 1253
1371 2099 1253
1372 2073 1253
1373 2048 1253
1374 2022 1253
1375 1997 1253
1376 1971 1253
1377 1946 1253
1378 1921 1253
1379 1870 1253
1380 1819 1304
1381 1845 1304
1382 1870 1304
1383 1921 1380
1384 1946 1380
1385 1971 1380
1386 1971 1431
1387 1946 1431
1388 1997 1380
1389 2022 1380
1390 2048 1380
1391 2073 1380
1392 2099 1431
1393 2073 1431
1394 2048 1431
1395 2022 1431
1396 1997 1431
1397 1997 1507
1398 2022 1507
1399 2048 1507
1400 2073 1507
1401 2099 1507
1402 2200 1685
1403 2226 1685
1404 2251 1685
1405 2276 1685
1406 2302 1685
1407 2327 1685
1408 2327 1761
1409 2302 1761
1410 2276 1761
1411 2251 1761
1412 2226 1761
1413 2200 1761
1414 2175 1761
1415 2200 1812
1416 2226 1812
1417 2251 1812
1418 2276 1812
1419 2302 1812
1420 2327 1812
1421 2327 1888
1422 2302 1888
1423 2251 1939
1424 2276 1939
1425 2302 1939
1426 2276 1888
1427 2251 1888
1428 2226 1888
1429 2200 1888
1430 2175 1888
1431 2149 1939
1432 2175 1939
1433 2200 1939
1434 2226 1939
1435 2302 2015
1436 2276 2015
1437 2251 2015
1438 2226 2015
1439 2200 2015
1440 2175 2015
1441 2149 2015
1442 2124 2015
1443 2099 2015
1444 2048 2066
1445 2022 2066
1446 1997 2066
1447 1997 2142
1448 2073 2219
1449 2099 2244
1450 2149 2219
1451 2268 2234
1452 2149 2244
1453 2124 2244
1454 2099 2219
1455 2048 2142
1456 2022 2142
1457 1971 2066
1458 1946 2066
1459 1921 2066
1460 1845 2015
1461 1895 2066
1462 1870 2142
1463 1895 2142
1464 1921 2142
1465 1946 2142
1466 1971 2142
1467 2048 2219
1468 2048 2244
1469 2022 2219
1470 1997 2219
1471 2022 2244
1472 1997 2244
1473 1971 2219
1474 1946 2219
1475 1971 2244
1476 1946 2244
1477 1921 2244
1478 1895 2219
1479 1895 2244
1480 1870 2219
1481 1845 2244
1482 1870 2244
1483 1845 2219
1484 1819 2219
1485 1794 2219
1486 1718 2244
1487 1718 2219
1488 1667 2219
1489 1667 2244
1490 1641 2219
1491 1540 2066
1492 1514 2015
1493 1489 2015
1494 1464 2066
1495 1489 2066
1496 1514 2066
1497 1489 2142
1498 1514 2142
1499 1540 2142
1500 1565 2219
1501 1565 2244
1502 1540 2244
1503 1514 2244
1504 1514 2219
1505 1489 2219
1506 1464 2219
1507 1464 2142
1508 1438 2142
1509 1413 2142
1510 1387 2142
1511 1362 2142
1512 1413 2219
1513 1438 2219
1514 1464 2244
1515 1438 2244
1516 1413 2244
1517 1387 2219
1518 1387 2244
1519 1362 2219
1520 1362 2244
1521 1336 2244
1522 1311 2244
1523 1260 2244
1524 1260 2219
1525 1286 2244
1526 1311 2219
1527 1260 2168
1528 1260 2142
1529 1235 2142
1530 1235 2168
1531 1210 2168
1532 1235 2219
1533 1210 2219
1534 1108 2244
1535 1108 2219
1536 1083 2244
1537 1133 2168
1538 1108 2168
1539 1083 2168
1540 1083 2142
1541 1108 2142
1542 1133 2142
1543 1159 2168
1544 1184 2168
1545 1210 2142
1546 1184 2142
1547 1159 2142
1548 1235 2066
1549 1260 2066
1550 1235 2041
1551 1210 2066
1552 1210 2041
1553 1184 2066
1554 1184 2041
1555 1184 2015
1556 1210 2015
1557 1235 2015
1558 1184 1939
1559 1210 1939
1560 1235 1939
1561 1362 2015
1562 1387 2066
1563 1413 2066
1564 1438 2066
1565 1464 2015
1566 1438 2015
1567 1413 2015
1568 1387 2015
1569 1387 1939
1570 1413 1939
1571 1438 1939
1572 1464 1939
1573 1489 1939
1574 1514 1939
1575 1591 2015
1576 1616 2015
1577 1641 2015
1578 1667 2015
1579 1692 2015
1580 1718 2015
1581 1743 2015
1582 1743 1939
1583 1718 1939
1584 1692 1939
1585 1667 1939
1586 1616 1888
1587 1591 1888
1588 1616 1939
1589 1641 1939
1590 1743 1888
1591 1718 1888
1592 1692 1888
1593 1667 1888
1594 1641 1888
1595 1692 1812
1596 1667 1812
1597 1641 1812
1598 1616 1812
1599 1514 1685
1600 1489 1685
1601 1464 1685
1602 1514 1761
1603 1489 1761
1604 1464 1761
1605 1438 1761
1606 1413 1761
1607 1387 1761
1608 1362 1761
1609 1387 1685
1610 1413 1685
1611 1438 1685
1612 1362 1584
1613 1387 1584
1614 1362 1558
1615 1387 1558
1616 1413 1584
1617 1438 1558
1618 1464 1558
1619 1489 1456
1620 1464 1456
1621 1438 1456
1622 1438 1482
1623 1413 1482
1624 1387 1482
1625 1362 1456
1626 1362 1431
1627 1387 1456
1628 1413 1456
1629 1387 1431
1630 1362 1406
1631 1362 1380
1632 1387 1406
1633 1387 1380
1634 1362 1355
1635 1362 1330
1636 1387 1355
1637 1387 1330
1638 1362 1304
1639 1387 1279
1640 1413 1304
1641 1438 1304
1642 1438 1279
1643 1413 1279
1644 1311 1177
1645 1311 1152
1646 1311 1126
1647 1387 1177
1648 1413 1177
1649 1438 1152
1650 1438 1177
1651 1413 1152
1652 1387 1152
1653 1362 1152
1654 1362 1126
1655 1362 1101
1656 1387 1126
1657 1387 1101
1658 1387 1076
1659 1362 1076
1660 1362 1050
1661 1387 1050
1662 1362 1025
1663 1387 1025
1664 1413 999
1665 1438 999
1666 1438 974
1667 1413 974
1668 1387 999
1669 1387 974
1670 1362 999
1671 1311 974
1672 1311 999
1673 1311 1050
1674 1311 1076
1675 1235 1126
1676 1184 1177
1677 1210 1177
1678 1235 1177
1679 1210 1126
1680 1184 1126
1681 1159 1126
1682 1133 1126
1683 1108 1126
1684 1083 1126
1685 1108 1177
1686 1133 1177
1687 1159 1177
1688 1083 1253
1689 1108 1253
1690 1133 1253
1691 1159 1253
1692 1184 1253
1693 1210 1253
1694 1235 1253
1695 1235 1304
1696 1210 1304
1697 1184 1304
1698 1159 1304
1699 1133 1304
1700 1108 1304
1701 1184 1431
1702 1210 1431
1703 1235 1431
1704 1235 1380
1705 1210 1380
1706 1184 1380
1707 1159 1380
1708 1133 1380
1709 1108 1380
1710 1083 1380
1711 1108 1431
1712 1133 1431
1713 1159 1431
1714 1083 1507
1715 1108 1507
1716 1133 1507
1717 1159 1507
1718 1184 1507
1719 1184 1558
1720 1210 1558
1721 1235 1558
1722 1235 1507
1723 1210 1507
1724 1159 1558
1725 1133 1558
1726 1108 1558
1727 1083 1634
1728 1108 1634
1729 1133 1634
1730 1159 1634
1731 1184 1634
1732 1210 1634
1733 1235 1634
1734 1235 1685
1735 1210 1685
1736 1184 1685
1737 1159 1685
1738 1133 1685
1739 1108 1685
1740 1184 1812
1741 1210 1812
1742 1235 1812
1743 1235 1761
1744 1210 1761
1745 1184 1761
1746 1159 1761
1747 1133 1761
1748 1108 1761
1749 1083 1761
1750 1108 1812
1751 1133 1812
1752 1159 1812
1753 1083 1888
1754 1108 1888
1755 1133 1888
1756 1159 1888
1757 1184 1888
1758 1235 1888
1759 1210 1888
1760 1159 1939
1761 1133 1939
1762 1108 1939
1763 1083 2015
1764 1108 2041
1765 1083 2041
1766 1108 2015
1767 1133 2015
1768 1159 2041
1769 1159 2015
1770 1133 2041
1771 1108 2066
1772 1133 2066
1773 1159 2066
1774 1057 2219
1775 1032 2219
1776 1057 2244
1777 1006 2219
1778 1006 2244
1779 981 2219
1780 981 2244
1781 956 2244
1782 930 2219
1783 930 2244
1784 956 2219
1785 1032 2142
1786 1006 2142
1787 981 2142
1788 1032 2066
1789 1006 2066
1790 981 2066
1791 956 2066
1792 1006 2015
1793 981 2015
1794 956 2015
1795 930 2015
1796 905 2015
1797 879 2015
1798 854 2015
1799 879 2066
1800 905 2066
1801 930 2066
1802 956 2142
1803 930 2142
1804 905 2142
1805 879 2142
1806 854 2142
1807 803 2168
1808 778 2168
1809 879 2193
1810 854 2193
1811 803 2244
1812 778 2244
1813 752 2244
1814 727 2244
1815 701 2244
1816 676 2244
