574
0 629 680
1 756 772
2 781 772
3 807 772
4 1010 899
5 1035 874
6 1090 921
7 1090 971
8 1090 997
9 1112 1001
10 1239 1102
11 1366 1001
12 1467 975
13 1598 997
14 1700 1149
15 1700 1175
16 1636 1226
17 1598 1251
18 1543 1306
19 1531 1229
20 1645 1306
21 1649 1378
22 1624 1429
23 1624 1454
24 1598 1505
25 1543 1509
26 1518 1433
27 1370 1505
28 1340 1509
29 1391 1433
30 1416 1306
31 1455 1280
32 1408 1226
33 1370 1251
34 1344 1251
35 1217 1353
36 1166 1353
37 1154 1276
38 1090 1314
39 1065 1327
40 1039 1353
41 1035 1306
42 1023 1280
43 883 1102
44 858 1064
45 811 1048
46 705 1001
47 633 921
48 633 997
49 654 1026
50 658 1048
51 658 1073
52 654 1102
53 756 1153
54 760 1175
55 861 1302
56 760 1276
57 658 1353
58 709 1530
59 735 1581
60 620 1683
61 658 1734
62 658 1784
63 608 1797
64 654 1890
65 705 1915
66 756 1915
67 756 1890
68 781 1890
69 836 1886
70 781 1839
71 756 1788
72 781 1763
73 807 1763
74 781 1712
75 756 1661
76 807 1661
77 832 1585
78 896 1420
79 959 1344
80 963 1403
81 963 1454
82 1010 1483
83 1035 1483
84 1137 1534
85 1137 1483
86 1213 1458
87 1268 1505
88 1268 1556
89 1315 1585
90 1366 1585
91 1370 1632
92 1344 1632
93 1344 1683
94 1319 1784
95 1141 1937
96 1039 1911
97 1010 1903
98 1061 1839
99 1112 1864
100 1112 1814
101 1188 1788
102 1213 1788
103 1239 1763
104 1213 1712
105 1239 1712
106 1213 1661
107 1166 1632
108 1192 1581
109 1166 1568
110 1061 1661
111 1039 1632
112 963 1708
113 938 1759
114 874 1784
115 883 1814
116 908 1814
117 959 1788
118 985 1788
119 985 1763
120 1014 1759
121 1014 1784
122 989 1835
123 938 1962
124 887 1949
125 861 1937
126 709 2064
127 595 2165
128 491 2214
129 514 2297
130 870 2042
131 912 2013
132 912 2064
133 997 2182
134 1035 2118
135 1035 2093
136 1086 2080
137 1099 2055
138 1112 2030
139 1141 2089
140 1188 2144
141 1264 2118
142 1289 2144
143 1353 2106
144 1302 2004
145 1391 2080
146 1442 2042
147 1467 2042
148 1493 2042
149 1522 2026
150 1518 2118
151 1569 2042
152 1569 1890
153 1594 1814
154 1573 1784
155 1522 1835
156 1496 1886
157 1471 1886
158 1446 1886
159 1493 1814
160 1467 1788
161 1493 1788
162 1518 1788
163 1543 1737
164 1594 1610
165 1763 1784
166 1700 1784
167 1645 1941
168 1721 1991
169 1772 1966
170 1797 1966
171 1836 1966
172 1861 1890
173 1886 1890
174 1848 1814
175 1874 1814
176 1899 1814
177 1950 1788
178 1975 1788
179 1975 1839
180 2001 1839
181 2051 1839
182 2051 1788
183 2026 1737
184 2077 1712
185 2128 1687
186 2204 1737
187 2204 1788
188 2382 1636
189 2445 1585
190 2483 1585
191 2525 1581
192 2474 1556
193 2449 1556
194 2386 1530
195 2360 1530
196 2382 1471
197 2360 1403
198 2335 1403
199 2293 1356
200 2331 1331
201 2297 1276
202 2246 1276
203 2195 1353
204 2157 1403
205 2157 1429
206 2208 1480
207 2081 1606
208 2030 1657
209 1954 1734
210 1903 1708
211 1827 1632
212 1776 1734
213 1772 1712
214 1747 1636
215 1772 1534
216 1772 1509
217 1747 1433
218 1696 1382
219 1772 1306
220 1772 1255
221 1759 1229
222 1899 1280
223 1924 1280
224 1950 1280
225 1966 1327
226 1941 1340
227 1928 1403
228 1903 1403
229 1878 1403
230 1903 1480
231 1966 1606
232 1937 1610
233 1975 1534
234 2026 1483
235 2005 1454
236 2051 1458
237 2128 1509
238 2128 1458
239 2081 1403
240 2005 1353
241 2077 1280
242 2140 1280
243 2191 1229
244 2229 1229
245 2255 1229
246 2293 1229
247 2356 1280
248 2356 1331
249 2407 1369
250 2509 1382
251 2521 1356
252 2534 1382
253 2585 1331
254 2813 1483
255 2851 1458
256 2792 1530
257 2766 1530
258 2737 1572
259 2763 1585
260 2792 1581
261 2678 1695
262 2665 1759
263 2737 1826
264 2788 1788
265 2868 1861
266 2915 1864
267 2944 1886
268 2995 1975
269 2894 1975
270 2817 1975
271 2728 1937
272 2728 1886
273 2652 1873
274 2623 1877
275 2614 1835
276 2585 1814
277 2589 1784
278 2538 1810
279 2513 1784
280 2386 1861
281 2259 1962
282 2220 1937
283 2182 1924
284 2005 1937
285 1979 2038
286 1954 2038
287 1916 2076
288 1852 2140
289 1827 2165
290 1814 2229
291 1874 2156
292 1950 2093
293 2001 2093
294 2051 2118
295 2081 2115
296 2081 2191
297 2153 2195
298 2229 2258
299 2331 2144
300 2309 2140
301 2259 2140
302 2233 2140
303 2208 2140
304 2144 2089
305 2166 2080
306 2229 2042
307 2255 2042
308 2356 2068
309 2436 2140
310 2382 2144
311 2407 2068
312 2432 2055
313 2432 2030
314 2436 2026
315 2483 2042
316 2509 2042
317 2563 2102
318 2538 2165
319 2585 2106
320 2661 2068
321 2661 2042
322 2703 2076
323 2661 2144
324 2686 2144
325 2716 2140
326 2813 2245
327 2813 2118
328 2843 2115
329 2902 2195
330 3017 2195
331 2979 2106
332 3017 2042
333 3042 2042
334 3055 2106
335 3080 2106
336 3131 2118
337 3194 2042
338 3220 2042
339 3220 2068
340 3258 2093
341 3224 2115
342 3433 2345
343 3516 2322
344 3360 1991
345 3410 1979
346 3398 1915
347 3436 1852
348 3401 1835
349 3360 1788
350 3398 1788
351 3398 1712
352 3372 1598
353 3398 1598
354 3423 1585
355 3423 1483
356 3376 1403
357 3351 1454
358 3300 1530
359 3300 1581
360 3249 1632
361 3271 1661
362 3296 1661
363 3325 1708
364 3275 1734
365 3300 1784
366 3338 1835
367 3325 1861
368 3338 1911
369 3300 1988
370 3300 2038
371 3233 2017
372 3207 1953
373 3233 1941
374 3233 1877
375 3233 1801
376 3173 1810
377 3173 1886
378 3093 1966
379 3131 1915
380 3106 1864
381 3093 1788
382 3046 1721
383 3008 1734
384 3021 1784
385 2944 1759
386 2894 1784
387 2868 1784
388 2843 1784
389 2864 1737
390 2890 1610
391 2940 1560
392 2991 1534
393 3046 1480
394 2915 1407
395 2864 1344
396 2890 1344
397 2940 1306
398 2940 1268
399 3004 1229
400 3042 1204
401 3033 1276
402 3055 1356
403 3106 1356
404 3148 1454
405 3109 1581
406 3169 1598
407 3169 1560
408 3169 1534
409 3194 1509
410 3233 1509
411 3275 1403
412 3224 1378
413 3198 1378
414 3194 1356
415 3182 1331
416 3194 1268
417 3173 1251
418 3122 1226
419 3144 1204
420 3169 1179
421 3207 1166
422 3245 1153
423 3271 1153
424 3249 1226
425 3283 1280
426 3309 1217
427 3347 1204
428 3452 1111
429 3325 997
430 3300 997
431 3275 1022
432 3224 997
433 3245 950
434 3309 772
435 3347 772
436 3491 683
437 3536 683
438 3564 710
439 3463 683
440 3122 921
441 3021 971
442 3067 1001
443 3093 1001
444 3144 1001
445 3173 1048
446 3097 1022
447 3021 1073
448 2995 1149
449 2940 1090
450 2902 1026
451 2928 963
452 2966 874
453 2855 971
454 2868 997
455 2894 1099
456 2792 1149
457 2830 1213
458 2805 1213
459 2843 1276
460 2830 1327
461 2805 1327
462 2792 1276
463 2699 1293
464 2699 1217
465 2640 1175
466 2661 1090
467 2716 1073
468 2665 1048
469 2589 1099
470 2572 1026
471 2576 946
472 2551 1022
473 2500 1099
474 2538 1200
475 2513 1200
476 2382 1052
477 2394 1026
478 2394 1001
479 2420 975
480 2432 899
481 2496 836
482 2534 823
483 2559 823
484 2610 836
485 2737 823
486 2763 823
487 2788 823
488 2839 823
489 2884 676
490 2889 671
491 2886 674
492 2630 676
493 2632 674
494 2635 671
495 2659 606
496 2409 683
497 2293 680
498 2290 677
499 2223 680
500 2220 677
501 2172 680
502 2169 677
503 2093 677
504 2096 680
505 2318 874
506 2347 908
507 2284 870
508 2259 870
509 2246 895
510 2170 883
511 2233 921
512 2331 1026
513 2360 1022
514 2398 1073
515 2373 1099
516 2386 1124
517 2347 1149
518 2309 1149
519 2182 1073
520 2195 1149
521 2131 1149
522 2068 1149
523 2030 1149
524 1912 1153
525 1928 1022
526 1903 1022
527 1852 1073
528 1721 1001
529 1772 1001
530 1823 1014
531 1823 988
532 1861 950
533 1928 895
534 1865 921
535 1747 899
536 1747 874
537 1747 848
538 1747 823
539 1747 798
540 1700 794
541 1700 819
542 1649 794
543 1649 870
544 1624 895
545 1518 899
546 1531 874
547 1543 848
548 1522 819
549 1471 870
550 1420 857
551 1395 845
552 1395 895
553 1344 895
554 1217 908
555 1166 870
556 1141 857
557 1137 899
558 1217 819
559 1154 794
560 1065 768
561 1039 781
562 1014 794
563 826 680
564 823 677
565 750 680
566 747 677
567 667 680
568 664 677
569 652 606
570 491 755
571 491 710
572 519 683
573 626 677
